model/loaded.txt 0 :	5 3 2 1 1 2 4 3 4 6 1 1 1 6 4 6 2 4 3 5 1 1 1 5 1 3 2 1 1 4 1 1 1 1 1 2 3 1 5 1 2 1 1 6 1 3 5 2 4 6 6 1 2 1 1 1 3 1 1 1 4 1 1 2 6 1 6 1 1 2 1 1 1 4 6 2 6 1 5 1 1 1 2 1 1 6 1 6 1 1 1 6 1 6 1 1 1 2 4 1 
model/loaded.txt 1 :	2 1 4 5 1 6 4 3 1 1 2 6 1 1 1 4 3 3 5 1 1 1 6 1 1 6 1 4 1 1 1 4 1 5 1 1 1 2 1 4 1 6 2 1 4 1 2 4 6 1 3 3 1 3 1 1 6 1 1 6 4 1 2 5 5 6 1 1 1 6 1 1 1 3 4 6 3 2 1 1 2 3 3 5 2 2 2 1 6 1 4 1 2 1 4 1 5 1 3 1 
model/loaded.txt 2 :	6 1 6 1 1 5 1 3 5 1 6 3 1 1 1 3 2 2 1 1 1 6 2 4 3 1 4 3 6 2 1 4 3 1 1 1 1 5 1 5 4 3 1 1 5 1 1 6 1 5 1 1 1 4 1 1 1 2 1 5 4 1 1 1 1 4 1 1 1 4 1 1 3 1 5 1 6 1 6 1 1 1 3 3 6 1 2 1 3 6 2 1 4 2 1 1 6 6 5 1 
model/loaded.txt 3 :	2 4 5 1 1 5 1 1 3 1 6 4 1 6 2 4 3 1 1 2 3 1 1 4 1 1 5 5 1 1 5 1 2 1 1 6 2 3 1 2 5 1 1 3 4 1 1 5 1 1 6 1 4 5 1 5 2 1 4 3 6 1 1 1 5 5 4 4 1 1 1 3 1 1 1 3 3 5 1 1 6 1 1 6 1 4 1 6 4 1 3 1 4 1 5 2 1 1 1 6 
model/loaded.txt 4 :	4 1 5 1 1 1 4 6 1 5 1 6 5 1 5 1 3 6 4 1 4 2 3 1 4 1 1 2 2 1 1 1 1 1 2 1 2 1 1 4 1 6 5 6 2 1 1 2 5 1 1 1 1 1 6 5 1 1 1 2 1 4 1 2 1 1 3 1 5 1 5 1 1 3 1 5 6 5 1 1 4 1 3 1 2 1 1 2 4 1 1 1 6 1 5 1 1 3 1 1 
model/loaded.txt 5 :	5 2 1 1 1 5 3 5 1 1 4 5 1 1 6 1 1 3 2 6 1 1 2 3 1 1 5 1 2 6 2 5 6 5 1 6 1 1 5 2 1 6 4 1 1 1 1 2 1 4 3 1 1 1 3 1 3 5 6 1 3 1 1 1 1 1 1 6 1 6 6 6 2 1 1 3 1 1 4 5 1 1 2 3 1 1 3 6 6 1 1 4 5 1 1 2 3 1 5 3 
model/loaded.txt 6 :	2 1 1 2 1 1 2 1 1 6 1 1 4 1 5 1 1 6 1 4 2 5 1 1 1 4 1 2 1 3 5 4 1 1 2 1 2 1 1 4 1 4 1 2 6 2 1 1 1 2 2 4 1 4 1 4 2 1 3 1 2 4 1 3 2 2 5 4 5 6 4 1 6 1 6 1 3 1 1 1 6 1 1 5 1 1 1 4 1 1 6 3 1 4 6 2 2 3 2 2 
model/loaded.txt 7 :	1 1 2 1 1 1 1 5 1 4 5 1 1 2 4 1 6 5 1 2 4 4 6 1 1 6 1 1 2 1 4 1 3 1 4 1 6 1 1 5 1 1 1 2 1 1 1 5 5 2 1 4 1 2 3 6 4 4 1 1 1 3 3 2 2 6 5 1 6 1 6 5 6 1 1 5 4 1 1 1 6 2 1 6 3 1 1 5 5 1 3 3 1 3 1 5 1 5 6 1 
model/loaded.txt 8 :	3 1 4 4 4 6 2 6 1 1 2 1 1 3 1 3 6 3 2 5 5 1 3 4 1 4 1 3 5 6 2 1 1 1 2 1 5 3 5 4 1 4 1 6 6 6 3 5 1 1 1 6 1 6 3 1 5 6 2 4 1 1 2 1 1 1 4 1 2 1 1 4 3 6 1 1 1 1 3 6 3 4 1 1 4 1 3 6 1 4 6 6 1 5 3 1 3 3 1 1 
model/loaded.txt 9 :	1 6 1 1 1 6 1 4 1 3 5 4 1 1 5 1 4 1 1 5 2 4 3 1 1 1 1 4 5 1 1 1 5 1 1 5 1 1 1 6 1 1 6 5 1 2 4 4 6 3 1 5 4 6 2 5 1 1 3 1 3 1 1 5 6 3 1 1 1 1 1 4 2 3 1 1 2 3 1 1 6 6 6 1 1 2 1 1 4 1 1 3 4 1 1 1 2 3 5 6 
model/loaded.txt 10 :	3 4 5 2 2 1 5 4 3 1 1 1 1 1 1 6 5 1 5 1 6 4 1 1 1 4 1 2 5 3 5 3 1 3 6 4 3 1 3 1 1 3 1 1 5 1 5 1 5 1 3 5 1 4 3 1 6 1 1 1 6 1 1 4 4 3 5 6 4 1 1 1 3 1 6 1 2 1 1 1 1 3 1 2 1 1 1 1 6 3 3 4 1 2 1 1 5 3 1 1 
model/loaded.txt 11 :	2 6 1 4 6 1 4 1 4 5 1 1 5 1 4 6 2 3 1 1 1 1 1 3 1 5 1 3 6 1 4 1 1 1 3 1 5 1 1 1 5 2 6 1 1 1 5 4 1 1 1 1 2 6 4 1 6 1 3 1 3 4 1 1 2 6 1 4 1 6 6 1 3 2 1 1 1 6 3 6 1 1 5 1 5 4 1 1 4 1 5 6 1 1 1 3 6 1 3 2 
model/loaded.txt 12 :	6 5 1 1 1 4 1 1 1 1 1 1 6 1 1 1 1 3 3 1 4 4 1 1 6 5 1 1 1 1 6 1 1 1 4 1 3 1 2 4 1 1 4 1 1 3 2 1 1 1 4 1 2 1 1 5 1 4 2 3 1 1 5 1 1 4 3 4 4 1 3 6 1 1 1 1 2 1 1 6 1 6 1 1 2 1 5 5 5 1 1 3 1 1 5 5 1 1 1 1 
model/loaded.txt 13 :	1 1 5 1 3 1 1 1 3 1 6 1 1 1 1 1 3 1 1 1 4 6 1 1 5 2 1 4 3 1 2 1 3 1 1 2 1 1 1 5 2 1 1 1 2 3 3 2 5 1 4 2 1 2 1 1 1 3 5 5 1 5 3 5 3 5 6 1 5 1 1 5 6 1 6 3 2 2 2 2 2 1 1 6 5 6 3 4 1 1 5 3 2 2 6 1 6 2 1 6 
model/loaded.txt 14 :	5 6 1 1 2 4 3 6 2 1 6 1 2 1 1 1 1 1 1 3 1 6 5 5 1 1 4 1 1 1 1 3 4 6 3 1 1 4 1 6 3 1 4 1 1 1 1 6 6 1 5 1 1 3 5 1 2 2 3 3 1 5 1 1 6 2 3 5 2 3 5 3 2 5 3 3 1 4 1 1 4 1 3 6 3 4 1 1 1 4 5 1 1 1 2 3 1 4 2 1 
model/loaded.txt 15 :	6 1 2 4 5 1 3 4 6 1 1 1 1 1 1 1 1 1 1 1 3 1 1 1 5 5 1 1 1 1 3 1 3 3 2 1 3 6 6 6 1 1 5 5 1 5 1 6 3 2 4 4 6 4 1 4 1 1 6 4 5 1 1 5 5 1 5 6 1 1 5 4 3 1 1 3 1 1 1 4 1 6 3 1 1 3 1 5 1 1 1 1 1 1 4 1 1 1 5 2 
model/loaded.txt 16 :	2 4 5 1 1 1 1 4 1 1 1 1 1 4 1 1 6 1 3 1 1 1 1 1 5 1 4 2 1 1 4 1 1 5 1 1 1 1 2 4 1 1 3 4 6 1 6 4 6 6 1 1 4 1 1 5 1 5 3 4 1 1 1 2 1 4 3 6 6 4 2 6 1 1 5 4 2 1 4 6 1 2 4 3 4 3 1 2 1 1 1 2 6 1 1 6 1 3 1 2 
model/loaded.txt 17 :	3 6 3 5 3 1 2 1 1 2 1 3 1 1 4 1 1 1 6 4 2 2 4 3 1 1 1 5 5 2 6 1 3 1 1 1 3 1 6 1 2 2 3 3 3 1 1 1 6 1 1 3 6 1 4 4 1 2 5 1 2 1 1 3 2 4 1 5 3 5 1 3 1 4 1 1 6 5 1 6 1 4 6 5 1 1 1 6 2 5 1 5 5 1 6 3 1 1 1 1 
model/loaded.txt 18 :	6 1 2 6 6 6 6 3 4 4 6 6 1 1 1 1 2 2 1 4 1 1 1 6 1 6 1 2 1 3 1 6 6 2 1 1 5 1 1 4 3 3 4 1 1 6 1 1 1 1 1 1 6 1 4 1 1 1 5 1 1 1 3 1 1 1 1 1 3 5 2 5 1 6 6 4 6 1 1 1 6 2 1 6 4 4 3 3 5 1 2 6 1 3 1 3 2 4 3 1 
model/loaded.txt 19 :	5 5 1 5 1 1 3 3 3 6 1 6 1 5 1 1 1 1 1 1 1 1 1 1 1 5 4 6 2 4 1 1 1 3 3 2 1 3 1 3 1 1 1 1 1 6 3 2 5 1 1 1 2 5 1 1 1 5 1 1 1 6 2 3 2 1 1 6 1 1 1 5 3 1 1 3 6 4 1 3 4 2 1 4 6 1 1 3 6 2 1 4 1 1 2 1 1 2 2 1 
model/loaded.txt 20 :	1 5 3 6 3 6 3 2 1 5 3 1 3 2 4 1 1 1 1 1 4 6 1 1 5 2 3 6 4 2 3 2 1 2 1 3 3 3 5 1 1 1 2 1 1 2 1 1 1 4 4 1 5 5 1 1 1 1 1 1 1 5 4 4 1 1 6 4 4 5 1 3 3 1 2 1 1 1 1 1 1 6 1 3 4 2 2 1 5 4 3 2 3 2 1 3 1 1 2 1 
model/loaded.txt 21 :	5 4 1 1 1 1 2 5 1 2 5 1 1 1 6 1 4 1 1 1 6 2 6 4 1 3 2 1 1 1 3 1 1 4 1 5 1 1 1 4 1 4 2 1 2 1 1 1 3 5 1 1 4 1 1 5 3 1 3 5 6 1 5 1 4 1 3 3 1 5 3 1 5 1 2 1 3 1 2 1 5 5 1 4 1 1 3 1 6 1 1 1 1 1 2 5 2 4 1 5 
model/loaded.txt 22 :	1 2 1 1 1 1 4 1 4 1 4 4 1 1 2 6 2 3 1 6 4 1 1 2 1 1 1 1 6 2 1 3 4 1 6 4 1 1 1 6 4 2 1 1 6 3 4 2 6 1 5 4 3 1 1 2 4 6 6 3 3 1 1 1 2 2 4 1 1 2 2 5 1 6 6 3 1 4 1 5 1 6 4 1 1 3 2 6 2 3 6 5 1 6 2 1 3 1 2 4 
model/loaded.txt 23 :	6 3 1 5 5 1 1 6 1 1 2 2 1 6 1 6 1 3 2 3 1 5 1 4 5 3 6 6 6 1 1 1 1 5 5 2 1 1 5 4 1 1 2 1 5 6 1 1 4 6 3 5 1 3 2 3 4 1 2 1 1 6 3 2 1 1 1 1 1 1 1 6 3 1 4 3 3 1 4 6 2 6 1 3 3 1 1 1 5 4 6 1 1 1 1 4 1 3 4 1 
model/loaded.txt 24 :	1 4 4 1 1 2 1 4 1 1 3 6 1 5 1 1 3 1 3 1 1 4 1 1 1 1 2 1 1 1 6 5 1 3 1 1 1 1 1 4 2 1 1 6 1 4 1 1 5 1 1 1 4 1 6 4 3 2 4 5 6 5 1 2 1 1 1 5 3 4 1 1 1 5 4 4 5 5 1 1 1 5 1 2 4 1 2 1 3 1 2 1 1 1 6 1 1 2 1 2 
model/loaded.txt 25 :	6 6 1 1 2 1 3 1 5 1 1 1 6 1 6 3 4 1 4 1 5 1 4 1 1 5 5 1 3 1 6 3 1 5 3 1 4 2 3 4 4 5 1 1 5 1 1 2 1 1 5 5 2 1 3 2 4 2 1 1 1 1 1 5 1 1 1 1 1 2 3 1 1 2 3 1 1 1 1 1 5 3 3 1 5 2 1 1 6 6 3 2 6 3 3 1 5 1 1 1 
model/loaded.txt 26 :	4 6 3 6 1 5 4 5 3 5 4 2 1 2 3 1 1 1 1 1 4 1 2 6 6 1 6 4 6 1 1 2 3 1 6 6 5 1 1 3 1 1 5 6 6 1 1 4 2 1 6 5 2 1 1 1 3 1 1 1 3 5 2 4 1 1 1 1 1 2 1 1 3 1 2 4 3 1 3 3 6 3 6 3 1 1 2 1 4 5 1 1 1 4 3 1 2 1 5 5 
model/loaded.txt 27 :	1 4 1 1 5 1 1 1 2 6 4 4 1 1 1 1 1 1 1 1 6 2 6 3 2 3 6 1 1 1 4 2 5 4 4 5 2 4 6 1 4 1 1 4 1 2 4 1 1 2 2 1 1 1 3 1 1 1 5 1 1 4 1 1 1 1 1 1 5 1 3 3 1 6 4 2 1 1 3 1 6 6 3 6 3 1 4 1 3 1 1 1 1 4 1 1 1 1 6 6 
model/loaded.txt 28 :	6 3 6 6 6 4 1 1 6 5 1 2 1 6 1 1 1 5 3 1 5 1 1 4 3 1 1 2 1 3 1 1 1 1 1 1 3 4 1 3 1 6 6 6 6 1 6 2 1 1 5 2 6 5 2 1 5 1 2 1 1 1 3 1 3 1 1 1 5 1 6 1 1 1 2 5 2 2 2 1 1 1 1 6 3 1 1 4 1 5 5 1 5 1 1 6 3 2 5 4 
model/loaded.txt 29 :	2 2 2 6 5 3 2 6 4 6 1 3 5 4 1 1 2 4 1 4 1 1 4 1 4 3 4 1 1 2 1 4 4 2 6 1 4 3 1 1 5 1 3 3 4 2 1 1 1 3 1 5 1 1 1 1 5 2 1 1 1 1 1 1 1 1 2 1 1 5 1 1 5 2 2 1 1 6 1 1 1 6 2 6 1 1 5 1 1 1 6 2 2 1 3 1 1 6 1 1 
model/loaded.txt 30 :	2 2 1 4 4 1 1 1 4 1 1 1 5 1 1 1 4 2 5 1 2 4 1 1 1 5 4 1 6 2 4 4 3 2 1 1 1 6 1 6 1 6 1 1 6 1 2 2 1 3 1 1 1 1 1 1 1 6 3 5 1 4 1 2 2 3 1 1 1 1 4 5 6 1 1 3 1 2 6 1 1 1 1 1 1 1 1 1 1 4 2 5 2 1 6 6 1 1 2 5 
model/loaded.txt 31 :	1 3 1 1 1 3 1 6 1 1 1 5 2 1 2 1 5 1 1 1 1 1 4 1 1 2 5 1 1 1 2 6 2 3 6 1 6 4 1 1 6 5 1 1 5 6 1 1 1 1 1 1 1 2 4 1 2 3 3 1 3 1 3 1 5 6 1 1 5 1 3 1 5 1 4 1 1 1 5 3 4 2 5 1 1 4 1 1 1 1 1 1 6 5 5 1 4 1 6 6 
model/loaded.txt 32 :	1 1 1 5 4 6 3 1 2 3 1 4 1 1 6 5 1 1 1 2 2 6 1 3 3 1 1 6 1 6 1 3 1 1 2 1 2 3 1 4 1 1 3 4 4 1 2 2 3 6 3 1 3 2 1 5 1 6 1 5 6 3 2 1 6 1 3 3 6 6 4 3 1 1 1 1 3 6 1 1 1 1 1 1 1 1 5 1 5 4 3 2 1 6 1 3 4 1 1 1 
model/loaded.txt 33 :	2 1 1 1 1 2 1 1 1 4 3 5 3 3 1 1 6 1 3 6 1 4 1 1 1 1 1 1 5 4 6 1 4 1 4 1 1 1 1 1 5 2 1 2 6 1 5 1 1 1 1 1 6 1 4 1 5 5 6 1 1 1 5 2 1 6 1 5 6 5 1 1 6 3 4 1 5 5 1 1 5 1 1 1 6 1 2 6 1 4 4 1 5 6 1 3 5 6 4 6 
model/loaded.txt 34 :	1 1 1 4 1 1 2 6 1 1 1 1 6 1 5 1 1 1 1 1 4 6 2 1 4 1 1 5 2 1 1 3 1 1 1 5 1 1 1 6 3 1 1 6 2 1 1 1 6 1 2 6 1 1 1 1 1 1 1 2 2 5 1 1 4 1 1 2 1 1 1 2 5 1 6 5 4 1 5 1 4 4 2 2 1 6 4 1 1 1 6 3 1 1 1 1 1 2 6 1 
model/loaded.txt 35 :	5 5 3 1 2 3 1 1 6 3 1 1 6 1 1 5 2 2 3 4 1 3 2 2 1 2 1 4 1 6 5 4 1 3 2 1 1 5 1 1 1 1 3 1 2 6 1 2 1 4 6 4 1 1 2 2 1 1 1 1 1 1 4 1 1 1 1 1 1 1 4 1 1 4 1 6 2 1 1 4 5 1 1 1 2 4 4 2 6 4 3 4 1 1 4 3 1 1 1 1 
model/loaded.txt 36 :	1 4 1 3 1 6 1 1 1 1 1 3 3 6 1 5 6 1 1 5 1 1 1 1 6 2 1 2 3 5 1 1 1 4 1 3 1 1 1 1 1 2 4 1 1 1 6 4 5 1 6 1 5 1 5 4 2 5 3 3 3 1 1 3 1 4 1 3 6 1 4 1 1 6 4 1 5 2 1 1 2 1 1 1 1 1 1 1 6 1 3 1 3 1 1 1 1 1 1 2 
model/loaded.txt 37 :	1 1 1 3 3 1 1 2 1 1 1 1 5 1 2 6 1 2 1 1 4 1 3 1 2 1 4 1 5 3 1 2 1 1 3 3 2 1 6 1 3 5 5 1 4 2 4 4 6 1 3 2 5 1 1 1 1 6 1 6 1 1 2 1 1 1 1 1 3 6 1 1 1 1 4 1 5 5 4 2 1 1 1 4 4 5 4 1 1 6 1 1 3 1 1 1 2 2 1 5 
model/loaded.txt 38 :	1 1 2 6 1 2 1 2 1 1 1 1 1 1 6 1 1 1 2 1 1 3 5 4 3 2 1 1 2 6 3 6 6 5 1 2 3 2 2 1 2 1 3 1 4 1 1 1 6 5 1 1 3 3 1 1 6 1 4 2 1 1 1 4 3 3 3 2 2 5 3 1 5 1 3 1 2 3 5 1 6 1 4 3 1 2 1 2 6 1 1 4 3 1 3 2 5 1 1 5 
model/loaded.txt 39 :	4 1 6 5 6 3 6 1 1 3 1 1 6 5 2 1 4 1 4 5 3 4 1 3 1 1 3 1 5 1 5 1 3 1 5 1 3 1 1 5 6 2 5 2 1 2 1 1 1 3 1 3 6 1 2 1 6 2 2 1 3 3 1 6 6 3 6 4 1 4 3 6 3 1 1 1 1 1 1 3 3 1 6 3 1 1 3 4 1 1 6 4 6 2 1 4 1 4 2 1 
model/loaded.txt 40 :	1 3 1 2 6 1 4 1 1 1 1 1 1 4 6 5 1 1 1 5 1 2 1 1 1 6 6 3 4 1 4 6 1 6 1 6 1 1 4 1 6 1 5 1 4 1 3 6 1 1 1 3 1 1 1 1 2 6 5 6 1 1 2 3 4 4 6 4 5 4 1 3 2 2 5 2 1 1 1 3 1 3 1 6 5 3 1 6 1 1 1 1 1 1 4 4 5 1 1 6 
model/loaded.txt 41 :	1 1 5 3 1 1 1 1 2 5 6 3 4 6 1 1 1 1 1 3 6 1 1 1 1 1 6 2 6 1 5 1 5 4 1 4 1 5 6 3 3 3 1 6 1 1 5 4 3 5 1 1 1 1 6 1 1 6 2 4 1 1 5 6 6 6 1 4 3 1 1 1 6 1 1 6 1 1 2 6 6 2 1 1 5 5 3 6 3 1 3 5 1 1 6 1 2 6 1 2 
model/loaded.txt 42 :	1 1 6 1 2 1 1 1 1 5 1 1 1 6 6 1 1 1 1 1 3 1 2 1 4 4 3 1 6 1 1 1 1 1 1 5 5 3 4 6 4 2 1 6 1 1 3 1 2 5 1 6 4 4 1 4 5 1 1 1 5 6 2 1 1 1 1 6 3 6 4 1 2 1 1 1 4 1 1 6 6 1 1 1 4 3 1 1 1 3 1 1 1 6 1 1 1 3 4 1 
model/loaded.txt 43 :	3 1 1 5 4 4 3 1 1 2 1 1 1 2 3 5 3 1 5 5 3 2 1 5 1 3 3 1 4 1 1 5 6 3 4 5 4 1 5 3 2 1 4 1 1 6 1 6 1 3 1 3 1 6 2 1 1 1 5 6 1 1 1 2 2 2 1 5 3 4 6 2 5 1 2 3 1 2 1 1 1 1 1 4 1 1 1 1 1 5 6 1 6 3 6 3 1 1 5 5 
model/loaded.txt 44 :	6 3 2 5 2 3 4 1 1 1 1 1 1 4 4 1 1 1 1 1 1 4 1 1 1 1 1 3 1 5 3 4 1 1 1 1 1 1 6 1 1 6 6 6 6 1 1 4 1 1 5 1 1 1 3 2 1 1 2 1 5 1 2 1 1 1 1 4 1 1 3 3 1 2 2 1 1 3 1 1 1 1 4 1 5 1 1 1 1 5 1 1 2 3 5 1 6 2 6 1 
model/loaded.txt 45 :	1 2 6 3 1 6 5 1 6 1 1 1 2 6 3 1 1 1 1 1 1 5 2 1 5 5 1 1 3 1 1 4 2 2 1 6 4 1 2 5 6 5 4 4 1 4 1 4 1 2 2 6 1 2 5 2 4 2 5 1 1 1 1 2 5 2 5 6 6 1 5 1 4 1 1 1 3 1 1 3 1 1 1 5 1 1 2 4 3 1 3 3 4 1 2 4 1 1 5 1 
model/loaded.txt 46 :	4 1 5 6 6 1 4 3 4 3 6 1 4 6 1 1 1 4 5 1 6 4 2 6 1 1 1 1 2 1 4 1 1 1 1 1 1 2 1 1 1 6 1 1 1 1 3 4 6 4 2 2 1 6 2 2 6 1 1 5 5 1 5 1 4 1 1 2 1 1 2 1 5 1 6 1 2 6 1 1 5 1 6 3 1 4 1 6 1 1 4 1 6 5 5 3 1 3 2 3 
model/loaded.txt 47 :	1 1 1 1 5 5 1 5 6 3 6 1 5 1 2 1 4 1 3 1 1 1 2 2 3 1 1 1 2 1 1 4 1 3 3 3 5 1 4 1 1 1 4 1 1 1 1 2 1 3 1 1 1 4 4 1 1 1 5 1 5 1 1 3 3 3 1 1 1 1 4 1 1 1 3 1 1 1 4 1 1 2 2 1 1 3 1 1 2 1 4 1 1 1 1 1 5 4 5 1 
model/loaded.txt 48 :	1 2 1 2 1 2 3 1 4 1 5 2 1 1 6 1 1 5 1 1 1 2 1 1 1 3 6 1 1 1 1 5 2 5 1 1 5 5 1 5 1 1 4 1 3 4 2 4 3 1 1 3 1 5 1 6 1 2 3 4 1 2 1 3 4 5 3 3 1 1 1 1 1 1 5 3 5 1 1 1 5 3 1 2 2 1 6 2 1 1 4 1 2 1 1 1 1 5 4 4 
model/loaded.txt 49 :	1 3 1 5 1 1 2 1 1 5 5 1 2 1 1 3 3 4 1 5 1 4 1 4 1 1 4 6 1 1 6 3 1 1 4 1 1 4 3 4 5 1 1 1 1 1 1 1 2 6 1 5 1 6 1 1 1 1 1 4 3 1 5 4 2 1 3 1 1 5 1 6 1 2 1 3 2 1 1 6 6 1 1 2 2 2 1 1 1 1 1 1 1 4 1 1 1 1 2 1 
model/loaded.txt 50 :	5 1 4 4 3 1 3 1 3 1 1 3 3 1 1 1 1 5 1 6 3 5 1 1 1 1 1 5 2 2 1 1 6 1 1 5 1 3 4 2 1 1 6 5 2 1 3 1 1 1 4 5 1 2 2 1 6 5 1 6 5 2 3 1 1 1 1 2 6 4 1 1 4 2 1 1 5 6 3 5 5 1 2 1 6 4 1 3 1 5 1 2 2 6 1 1 1 3 4 2 
model/loaded.txt 51 :	1 4 2 6 1 6 5 1 1 1 3 1 6 1 1 5 5 6 5 5 1 4 1 6 6 1 3 1 1 1 1 1 1 1 1 1 2 1 1 4 1 2 1 1 1 1 5 5 4 1 1 5 1 1 4 1 1 5 4 3 1 1 3 6 1 1 4 1 1 5 4 6 1 1 1 1 5 1 1 5 1 1 1 3 4 5 1 1 6 4 5 1 1 5 1 1 4 1 1 3 
model/loaded.txt 52 :	1 1 1 1 1 1 4 5 1 6 1 1 1 1 6 1 1 6 1 1 1 4 6 3 1 3 6 4 5 3 4 1 5 3 1 1 4 1 1 3 3 3 1 3 1 1 1 3 1 1 6 1 3 2 5 5 1 5 1 5 1 1 1 4 6 4 2 1 6 1 3 5 4 4 1 6 1 1 6 1 1 2 4 5 4 4 4 1 5 5 4 1 6 1 1 4 2 3 1 2 
model/loaded.txt 53 :	1 5 1 1 1 5 2 5 6 6 1 1 4 4 1 1 4 1 6 1 1 6 2 1 3 1 1 1 3 6 2 1 6 5 1 1 6 6 3 1 3 5 2 1 5 2 1 2 3 1 1 1 1 1 1 5 1 4 1 4 1 1 4 1 4 2 1 3 1 5 1 2 1 3 1 4 2 1 6 1 4 1 6 1 1 1 1 1 6 1 6 1 1 6 2 1 2 4 1 1 
model/loaded.txt 54 :	1 2 1 2 1 5 4 5 1 1 1 6 5 4 4 4 4 4 1 1 5 5 2 1 3 1 4 3 3 1 1 1 1 2 1 1 5 5 6 1 6 1 1 1 1 4 6 2 1 1 1 1 2 4 4 1 1 1 4 1 3 5 1 5 1 1 1 1 1 1 5 5 6 2 1 1 4 6 4 1 5 1 1 1 1 1 6 2 2 1 5 5 1 1 2 5 5 2 3 1 
model/loaded.txt 55 :	1 4 1 4 1 3 6 5 1 4 3 5 1 1 1 1 1 4 1 2 2 1 5 6 3 4 5 1 2 1 4 1 4 1 6 6 6 5 1 1 1 4 1 3 2 5 5 6 2 6 1 1 4 1 4 5 4 1 1 6 3 1 5 6 1 1 1 6 5 5 1 4 1 5 6 1 4 1 1 1 2 1 1 6 3 1 5 6 1 1 1 4 4 5 1 3 1 3 1 1 
model/loaded.txt 56 :	1 1 1 6 1 3 6 4 4 1 1 3 1 1 1 1 1 3 1 6 1 5 2 1 4 1 1 1 1 3 5 1 1 1 6 1 6 1 2 1 1 1 2 2 1 6 1 3 2 5 4 1 1 1 1 1 1 3 1 1 4 2 2 5 4 5 6 1 1 3 1 1 5 4 5 5 1 6 2 1 5 1 2 5 3 6 1 2 4 1 5 1 1 4 1 1 1 5 6 6 
model/loaded.txt 57 :	2 1 1 4 1 1 6 4 1 4 4 5 1 1 2 1 3 1 1 6 4 4 1 1 4 1 1 5 5 5 3 1 1 1 2 1 1 1 6 1 4 5 1 2 1 1 1 2 5 1 1 6 1 1 1 2 1 6 3 5 1 1 1 1 2 1 1 1 6 1 5 6 2 1 1 1 1 1 1 1 1 3 5 2 1 3 2 4 6 5 1 3 1 1 5 1 5 1 2 1 
model/loaded.txt 58 :	1 3 1 5 1 1 1 3 3 5 6 1 1 1 5 6 2 1 6 1 4 1 4 2 1 6 3 2 4 1 6 6 1 1 3 2 1 2 1 1 2 2 2 1 6 1 1 1 3 5 1 5 1 1 3 3 1 4 1 1 1 1 5 1 3 2 1 1 1 3 1 5 1 3 6 6 3 1 5 4 2 1 2 1 1 5 6 1 6 1 6 6 1 3 4 1 1 6 1 5 
model/loaded.txt 59 :	1 6 1 1 6 5 4 1 3 1 1 1 3 2 1 6 1 1 1 1 5 1 1 3 3 1 1 1 5 3 1 4 1 1 1 1 2 1 5 4 1 1 6 6 1 1 1 1 2 1 1 1 5 1 2 4 6 1 2 2 2 1 3 6 2 1 1 2 5 3 2 1 5 5 1 5 5 1 1 1 6 2 3 1 5 3 4 1 4 5 5 1 1 4 3 1 2 2 1 1 
model/loaded.txt 60 :	1 1 1 1 1 1 1 3 5 1 1 5 2 2 1 1 1 6 1 1 3 1 1 1 2 5 1 2 4 1 1 1 2 5 5 2 1 4 6 1 5 6 3 2 1 2 1 1 3 1 1 2 1 2 1 4 1 2 6 1 1 4 1 6 2 2 3 5 1 2 1 1 1 3 4 2 1 6 1 1 2 1 4 1 2 6 6 2 6 1 1 1 6 1 6 6 1 5 2 1 
model/loaded.txt 61 :	4 1 1 5 1 1 4 5 2 1 4 1 6 1 5 1 4 1 1 1 3 3 3 2 1 6 5 1 1 1 2 4 1 4 4 6 6 1 2 2 2 6 4 1 1 5 1 6 1 4 4 1 4 6 1 6 6 6 3 1 5 1 4 4 1 1 6 2 2 1 4 1 4 1 4 4 3 1 2 5 1 4 1 1 2 6 3 1 1 6 5 3 1 3 5 6 1 1 4 1 
model/loaded.txt 62 :	1 2 1 3 2 4 1 3 1 1 1 3 5 2 3 1 1 6 1 3 6 6 1 1 6 2 5 3 5 1 1 3 4 1 1 6 6 3 5 1 4 1 4 4 2 1 1 1 1 1 5 2 1 4 1 1 1 1 1 1 4 1 1 4 1 1 1 1 1 1 1 1 5 1 5 1 3 3 2 1 1 3 1 1 1 5 1 2 1 3 1 1 1 6 1 1 5 6 1 5 
model/loaded.txt 63 :	1 1 2 1 1 1 1 1 1 5 1 1 4 1 2 3 1 6 6 3 4 1 6 1 1 4 1 1 1 2 5 2 1 1 4 6 1 1 4 1 1 6 1 5 3 1 4 3 5 1 1 1 1 4 1 1 2 6 2 1 6 2 5 1 4 1 1 1 1 1 1 6 2 1 2 2 1 6 3 1 3 1 1 1 5 5 4 1 1 4 1 1 1 1 3 1 1 5 1 1 
model/loaded.txt 64 :	1 1 5 5 6 1 1 1 1 1 5 5 5 1 2 1 6 1 1 1 1 3 1 1 1 2 1 5 6 1 1 1 1 1 1 2 1 2 5 3 4 1 2 1 1 4 6 3 2 1 6 6 3 1 6 1 6 2 3 2 1 4 1 2 2 5 4 1 2 3 1 5 1 1 1 5 1 1 1 5 1 1 5 1 1 1 5 5 4 2 6 3 2 2 3 3 5 1 5 1 
model/loaded.txt 65 :	1 1 4 1 5 2 1 1 3 2 1 1 6 4 1 3 1 3 2 1 1 2 6 1 2 2 6 5 3 3 3 3 3 1 1 1 1 1 3 6 1 5 2 1 1 5 3 4 1 1 1 5 1 5 1 2 1 1 1 1 2 5 4 1 1 1 1 3 5 1 4 3 5 2 1 1 2 1 2 5 5 2 1 2 1 1 4 4 1 2 1 3 5 6 1 1 4 6 1 3 
model/loaded.txt 66 :	2 2 1 3 4 3 1 3 1 2 2 1 4 1 6 1 5 5 1 1 1 3 1 2 5 2 4 6 2 1 1 2 4 1 1 1 1 1 2 1 4 1 5 5 2 1 1 1 1 1 3 1 5 5 1 6 1 3 1 1 1 2 1 3 1 1 6 1 3 1 1 5 1 1 3 3 1 3 1 1 5 1 1 5 2 1 4 1 6 4 1 1 5 4 1 2 6 1 3 1 
model/loaded.txt 67 :	1 2 4 1 2 3 1 6 4 1 3 5 1 3 4 6 1 1 5 1 1 5 4 6 5 5 4 1 5 1 1 2 3 3 1 1 1 1 1 1 1 4 6 6 3 1 1 2 1 1 1 2 3 1 1 1 1 1 1 1 4 5 6 1 1 1 6 2 2 1 2 5 1 2 5 2 1 3 5 2 2 6 1 3 2 4 1 4 1 6 5 1 6 5 4 1 5 5 6 1 
model/loaded.txt 68 :	6 3 6 1 1 1 1 1 6 4 4 2 1 1 1 4 5 3 1 1 1 2 3 4 1 1 3 6 4 5 1 2 1 1 2 1 4 1 1 1 5 2 1 1 3 1 2 1 1 1 5 1 2 6 4 1 1 4 5 1 3 1 1 1 5 1 5 1 1 2 1 1 1 1 1 1 6 4 1 1 1 1 6 1 6 1 4 1 1 1 1 1 6 6 6 3 6 2 1 4 
model/loaded.txt 69 :	1 5 2 3 1 4 1 3 3 1 1 1 1 5 1 1 1 1 1 6 5 2 1 1 1 1 5 1 5 1 1 1 4 4 3 4 2 1 1 6 1 1 1 6 1 1 5 4 1 3 3 5 1 3 4 1 1 1 1 1 4 4 4 3 4 2 1 3 3 1 1 5 1 1 1 2 6 1 2 4 1 3 1 1 1 6 1 1 3 2 1 1 2 3 1 1 1 3 5 1 
model/loaded.txt 70 :	3 1 1 5 1 1 5 6 4 6 2 2 1 3 3 3 4 2 1 1 2 1 1 1 1 1 1 1 1 1 1 6 1 1 1 2 2 1 1 1 3 6 1 1 4 6 1 1 6 1 1 3 6 4 1 1 6 5 2 2 1 5 1 1 6 1 4 4 1 6 2 1 4 1 3 1 3 6 1 1 3 6 1 1 1 2 1 6 3 1 1 6 3 1 1 3 1 1 1 1 
model/loaded.txt 71 :	1 3 1 1 1 5 2 5 6 4 1 3 3 1 4 6 1 1 2 5 1 4 1 6 4 1 2 6 3 6 3 2 4 1 5 5 1 1 2 2 5 3 1 6 1 3 1 1 1 1 2 4 1 1 3 1 1 1 6 1 4 5 1 5 6 1 2 1 1 1 6 1 1 1 3 5 1 1 1 1 2 1 2 1 1 1 3 2 1 1 1 1 2 5 2 4 4 3 6 1 
model/loaded.txt 72 :	3 1 2 1 2 2 4 1 1 2 3 1 5 3 6 5 1 1 6 1 4 5 1 1 4 6 2 1 3 1 1 6 1 1 2 3 1 3 2 1 1 2 6 5 4 5 1 1 1 1 3 1 6 2 3 1 3 1 1 1 1 1 1 4 6 3 1 1 1 2 6 3 1 6 1 2 1 1 1 1 1 2 1 1 2 6 5 1 1 1 1 1 4 5 1 2 3 6 1 1 
model/loaded.txt 73 :	1 3 4 5 1 3 1 2 1 1 5 3 2 1 1 6 1 1 3 5 6 5 2 4 1 1 1 3 6 1 5 6 1 1 1 1 1 4 1 1 2 1 3 1 5 4 1 5 4 1 1 1 6 1 1 1 3 1 1 1 2 5 1 3 1 6 6 1 1 1 1 6 6 3 4 1 1 4 5 4 1 5 1 4 5 3 1 5 1 4 1 1 4 5 1 1 1 1 1 1 
model/loaded.txt 74 :	1 3 1 1 1 3 2 1 1 4 1 5 1 1 1 2 6 4 1 1 1 3 2 1 5 1 3 1 1 6 1 4 1 1 5 1 1 3 2 6 4 1 5 4 1 4 2 3 6 4 5 1 1 3 2 6 1 1 1 1 4 4 5 2 1 5 1 1 6 1 1 1 1 1 1 6 1 4 1 2 1 1 1 5 1 1 1 1 1 1 1 1 1 1 5 6 1 6 1 3 
model/loaded.txt 75 :	1 4 4 1 6 1 1 3 1 1 1 5 6 6 4 1 1 1 5 1 2 1 1 5 2 4 3 4 4 3 6 6 4 2 1 1 4 5 1 1 1 5 3 1 1 3 1 1 4 1 1 1 5 3 1 1 4 4 4 5 6 3 1 3 2 2 5 6 4 4 5 2 4 3 3 3 1 1 1 5 1 2 4 5 1 3 1 5 1 4 1 2 5 1 1 1 1 5 1 1 
model/loaded.txt 76 :	1 1 1 1 1 1 1 1 1 4 4 6 1 4 2 5 5 2 5 1 1 5 1 1 1 6 1 5 5 6 4 1 5 1 1 1 6 1 1 5 5 1 1 6 2 3 5 1 3 1 5 1 5 3 3 1 1 1 1 1 1 3 1 6 4 2 4 4 3 1 1 3 1 1 1 5 3 1 1 1 4 1 1 3 5 1 5 1 6 5 3 1 1 1 5 1 1 4 4 1 
model/loaded.txt 77 :	1 2 5 6 3 1 2 6 1 5 1 1 1 2 1 1 1 6 1 1 2 3 1 5 1 6 1 1 6 4 4 4 1 6 1 1 1 6 1 1 6 1 3 1 5 1 2 3 6 3 3 1 5 1 1 1 1 1 5 6 1 1 4 1 1 2 1 1 1 4 1 1 1 5 1 1 1 4 2 2 1 2 2 1 1 2 3 1 4 6 1 1 6 2 2 2 1 5 1 5 
model/loaded.txt 78 :	4 3 4 1 5 1 6 1 6 6 1 2 2 5 1 1 1 5 1 3 1 1 1 1 2 1 2 1 2 4 2 1 3 5 4 2 6 1 1 5 6 1 1 5 1 1 6 5 1 1 4 4 2 2 1 1 1 3 1 4 5 3 2 1 1 6 1 2 1 5 1 1 3 1 5 1 1 1 1 4 1 1 1 1 6 1 1 1 6 6 1 2 2 1 1 2 1 1 1 4 
model/loaded.txt 79 :	4 1 6 5 2 1 6 2 1 1 2 1 1 1 3 1 1 1 1 1 1 1 4 6 3 3 5 1 1 4 1 6 1 5 4 1 5 4 4 1 4 1 1 2 1 5 3 4 1 1 4 1 4 1 3 1 1 1 2 4 1 1 5 1 1 3 4 5 1 5 2 1 3 6 6 4 1 3 1 3 2 1 1 2 2 6 1 1 4 1 2 4 2 3 1 1 4 1 1 1 
model/loaded.txt 80 :	1 5 6 6 4 2 4 1 3 4 1 2 4 1 1 1 1 1 5 1 1 1 2 3 5 1 3 4 6 3 1 1 3 1 2 6 6 5 1 6 1 6 5 6 1 1 3 1 4 1 3 6 6 1 6 4 1 6 3 1 1 1 6 1 4 1 6 5 1 4 1 1 5 1 3 1 4 1 3 4 1 4 5 1 1 4 6 1 1 6 1 1 4 2 1 4 6 6 1 1 
model/loaded.txt 81 :	3 1 1 1 1 1 1 1 5 2 1 1 1 1 2 1 3 2 5 5 1 1 3 5 1 1 2 5 4 1 5 4 1 3 1 4 1 1 1 2 1 1 4 4 1 3 6 3 1 1 2 1 1 1 1 2 1 5 4 2 4 4 1 1 2 3 2 1 1 1 1 5 1 6 1 1 1 6 1 1 1 5 1 1 3 1 1 1 1 2 1 1 5 5 5 4 1 3 1 1 
model/loaded.txt 82 :	4 1 2 1 6 1 1 1 1 3 5 2 3 3 2 1 1 1 1 1 6 1 3 1 4 4 5 5 5 1 1 6 1 1 5 1 1 1 1 4 1 2 3 1 4 1 1 1 6 4 3 4 3 5 3 1 1 2 4 1 1 1 1 2 5 1 1 2 1 5 3 5 4 2 1 3 2 1 1 1 1 1 1 1 4 5 2 1 1 6 1 1 2 5 1 3 3 3 1 1 
model/loaded.txt 83 :	1 1 5 5 2 2 1 4 5 1 1 4 6 1 3 3 1 4 1 1 3 1 1 4 3 6 2 1 4 1 5 3 1 3 6 1 6 1 4 4 3 5 1 1 1 1 4 6 3 4 1 1 1 2 5 4 1 1 1 1 5 1 5 1 1 4 4 4 3 1 1 1 4 3 1 1 1 4 1 6 1 1 5 1 1 1 1 1 3 5 6 1 3 1 2 3 1 1 4 4 
model/loaded.txt 84 :	3 1 1 1 5 2 1 1 1 1 2 1 1 1 4 1 2 1 4 6 1 6 5 6 1 1 1 4 1 1 1 4 6 3 1 3 4 1 1 1 5 2 6 3 1 1 1 3 1 5 3 6 2 1 3 1 1 3 4 4 6 1 3 6 1 5 1 4 1 1 1 5 1 6 3 5 2 1 4 1 1 6 5 1 4 1 1 3 1 3 3 1 1 5 1 5 4 6 1 1 
model/loaded.txt 85 :	1 6 4 1 1 5 1 3 5 1 1 1 1 1 2 4 4 1 1 1 1 1 3 1 1 5 1 3 1 1 1 2 2 1 1 5 1 1 5 2 1 4 3 1 5 1 6 1 1 4 1 1 6 1 6 1 2 1 1 1 1 2 1 6 4 5 6 2 1 3 6 2 1 1 3 5 4 1 6 2 1 5 3 5 2 4 6 3 1 1 4 1 5 1 1 1 4 4 5 4 
model/loaded.txt 86 :	4 5 3 4 6 4 6 1 2 1 1 2 2 1 3 6 4 4 1 4 5 1 1 1 2 1 6 1 4 1 5 3 3 6 1 4 2 2 3 1 1 1 1 1 4 1 1 1 6 1 5 2 1 1 4 6 5 1 6 2 5 5 1 1 1 5 5 1 5 3 1 2 4 1 6 1 1 2 6 2 1 5 1 3 1 1 1 4 5 1 1 2 1 1 3 1 1 3 4 1 
model/loaded.txt 87 :	1 1 1 1 1 1 1 5 1 1 1 1 4 2 2 2 1 1 2 1 1 1 1 3 4 1 5 1 1 3 1 1 5 5 1 1 1 1 1 3 1 5 1 1 4 6 1 1 1 4 1 1 1 1 3 1 1 1 6 2 1 1 1 3 4 3 1 6 6 1 1 1 1 5 6 3 1 1 6 5 1 5 1 1 1 5 1 1 1 5 5 3 1 2 1 4 4 5 1 1 
model/loaded.txt 88 :	5 6 1 3 2 1 1 5 2 1 5 2 1 1 4 4 1 1 5 5 3 1 2 1 1 1 4 1 1 4 4 2 5 2 1 3 1 4 1 1 6 1 1 3 1 4 2 2 3 1 2 3 1 5 1 1 1 6 1 1 6 1 1 2 5 1 1 1 1 5 4 4 4 3 3 1 3 6 3 3 1 1 1 2 1 1 1 1 3 4 1 3 5 1 1 2 1 4 1 1 
model/loaded.txt 89 :	5 1 1 1 6 1 1 1 6 2 1 2 1 6 1 2 1 1 6 5 3 5 1 2 6 1 2 1 5 3 6 1 1 1 1 1 1 3 1 2 1 6 6 1 2 1 3 5 5 1 3 5 2 1 3 1 6 2 1 1 5 4 1 1 1 6 1 4 5 6 1 5 1 1 4 4 6 2 1 4 1 1 3 2 1 2 1 3 6 1 1 1 2 1 5 2 1 3 1 1 
model/loaded.txt 90 :	1 6 3 5 2 3 2 1 6 1 1 6 2 6 4 2 6 1 1 6 5 3 1 1 1 5 2 2 1 6 1 1 3 1 1 6 5 1 6 1 1 4 1 1 1 3 2 1 6 2 5 3 1 3 6 1 1 6 1 3 1 1 2 1 5 1 3 5 4 1 4 1 6 1 5 1 5 5 1 1 1 1 2 1 4 3 1 1 4 3 2 5 1 3 1 1 5 1 5 1 
model/loaded.txt 91 :	1 6 1 6 1 1 5 1 1 1 2 1 3 3 4 1 1 6 2 4 2 1 1 1 1 3 1 4 5 2 6 1 1 1 6 1 1 1 1 1 1 4 2 1 1 4 1 1 1 1 6 1 1 3 5 1 1 2 1 1 4 1 1 5 1 1 5 2 1 1 1 1 6 1 4 3 1 2 2 3 1 1 4 6 1 1 4 5 3 1 2 1 3 1 1 5 1 1 3 2 
model/loaded.txt 92 :	1 2 1 4 6 5 1 5 1 4 3 1 3 1 1 6 1 1 1 1 1 2 6 5 4 3 4 1 1 1 6 1 6 1 1 6 3 1 1 4 1 1 1 2 5 1 5 1 2 4 5 5 1 1 1 6 1 5 2 1 1 1 1 4 1 5 1 1 1 6 1 6 1 1 3 1 5 6 1 6 1 6 4 3 4 1 4 1 2 1 5 1 4 6 5 1 1 3 5 1 
model/loaded.txt 93 :	3 6 1 3 1 4 6 3 4 6 3 1 1 1 1 5 4 4 5 6 1 4 3 3 3 1 5 5 1 1 1 2 1 1 2 1 2 2 2 1 5 3 1 1 1 6 1 3 5 1 1 5 1 3 1 1 1 3 1 1 1 1 5 1 1 1 3 1 1 1 2 1 6 1 1 3 1 1 6 3 2 1 1 1 1 1 1 1 5 2 6 4 1 1 2 1 4 1 6 1 
model/loaded.txt 94 :	1 2 2 1 6 4 3 1 6 5 1 2 4 4 6 5 5 5 5 1 2 6 1 2 1 3 1 1 2 1 3 1 1 3 3 1 4 3 2 1 1 1 1 1 1 1 5 4 1 1 2 2 1 1 1 3 2 6 6 3 6 3 6 1 1 1 5 1 5 1 2 3 1 4 1 1 1 1 1 1 1 1 6 1 1 1 1 1 1 1 1 4 1 4 1 5 6 4 1 2 
model/loaded.txt 95 :	2 1 2 6 1 1 1 5 3 4 4 4 1 5 1 1 1 1 3 1 1 1 1 1 3 1 1 1 2 1 6 1 6 1 1 4 6 1 4 1 1 1 2 4 2 6 3 6 1 3 1 1 5 1 3 4 1 1 1 1 4 3 1 1 1 1 5 4 4 4 3 4 6 1 1 5 6 3 1 6 1 3 1 1 1 5 1 2 5 1 1 1 1 1 5 1 2 1 3 2 
model/loaded.txt 96 :	1 2 1 5 2 1 1 1 1 1 1 3 3 1 1 2 1 5 3 1 6 1 6 1 1 5 1 1 1 1 6 1 1 5 6 1 1 3 1 4 2 2 6 1 1 1 5 1 1 3 1 1 1 1 4 2 3 1 4 1 1 1 5 3 1 3 1 1 1 2 1 1 1 3 2 4 5 1 1 1 6 2 1 1 3 2 5 1 4 1 1 1 3 3 1 1 4 2 6 1 
model/loaded.txt 97 :	4 1 1 3 1 1 1 4 5 1 3 1 1 1 5 6 1 1 3 1 1 1 1 1 1 1 3 5 6 1 5 1 1 1 6 6 1 1 2 5 4 5 4 5 1 3 6 1 4 5 1 1 6 6 1 2 1 5 5 3 3 1 2 5 4 1 6 1 1 3 2 5 1 1 1 1 1 6 1 6 4 2 1 2 1 5 2 1 1 4 1 1 1 2 3 3 4 3 1 6 
model/loaded.txt 98 :	1 6 3 6 3 1 3 1 4 1 1 1 5 1 2 3 5 6 1 1 4 5 2 1 3 1 3 1 3 1 1 4 1 6 2 1 4 2 1 3 1 4 1 6 1 2 4 2 1 3 1 1 5 4 6 4 2 3 1 2 3 5 2 4 1 1 2 4 1 1 1 3 6 2 1 1 6 1 1 1 5 3 1 1 2 1 5 4 1 1 5 1 1 1 3 1 4 4 1 4 
model/loaded.txt 99 :	1 1 5 6 5 3 1 4 3 5 3 1 1 6 1 2 1 1 3 5 4 4 1 1 1 1 2 1 2 1 6 1 1 6 1 6 3 2 1 3 1 1 1 6 1 1 4 1 1 1 1 4 4 6 4 1 1 1 1 4 1 2 1 6 6 1 2 1 5 1 2 3 1 1 2 1 6 4 2 4 1 1 1 1 1 1 2 1 1 1 5 1 2 1 1 5 5 1 1 6 
